2.4528353613480672e+02 4.1245799902428770e-02 6.9584189272709734e-02 8.6170896189406010e-01 1.3646228762584267e+00 -7.5208797337363270e-02 1.2488162876313799e-01 1.4130563499460061e-01 4.1609054347778918e-01 -5.8995907317384536e-02 -1.7841356648293788e-01 7.8809642701711008e-02 1.3819244355181656e-01 -4.1650838242064274e-02 -6.2656608673759620e-02 3.2905687973102983e-02
3.4677701442458235e-02 5.1482485067578784e-02 8.9049576515899370e-02 -1.8466902921017648e-02 6.5567808016613827e-01 -1.2298611461996387e+00 -2.0242204338998473e-01 -1.5052238822875502e-01 -2.5130156679107507e-01 1.4275437781023498e-02 -1.9935714570359619e-01 1.1292947655884185e-01 8.8703654335368268e-02 8.5343021797534058e-02 -1.0212760022273512e-01 -9.8546529499964463e-03
-6.7992240372091386e+00 -7.9497036342201274e-02 1.9972184747578157e+00 -4.2960232516655500e-01 3.2558875680022562e-03 1.3972091206312003e-02 -1.0584794393193526e+00 -5.6770364697140342e-02 -3.4263562431887340e-01 -6.6148082691984800e-02 -2.6712237266695837e-01 -3.7659315662028008e-02 -2.6230034291703227e-02 1.0184269373800041e-01 -1.2514680538585143e-01 -2.7289940856936500e-02
3.1144691655757848e+00 8.5669791103419202e-01 1.8860708583124486e-01 1.3286914069023241e+00 1.7179482647392252e+00 -3.4143701873511906e-01 -3.3997787842918376e-02 6.9650684934631252e-02 9.4910295414281087e-01 5.5539110051983781e-02 6.1091042992205122e-02 -7.3656404392684477e-02 1.8811531534658871e-01 7.2320874422471856e-02 -1.1020966213384720e-01 2.1333934222484880e-02
6.9188667526643544e+00 3.4778037810454793e-01 -1.1545373706976896e+00 -5.8381445280683020e-01 1.2686358822683568e+00 4.8342114348075765e-01 -6.9126376215103513e-01 -1.1401866139387902e-02 -7.7346402297752193e-02 -1.2192772972542650e-01 2.5434573042646508e-01 -6.0910620058057512e-03 4.0263237170333102e-02 1.6573666341183316e-01 -8.9730332384188004e-03 8.6720783807534882e-02
-9.5153458442861061e-01 5.7282843541332740e-01 5.1491999455133819e-01 6.8038835850776080e-01 1.4581581808546618e+00 1.1510186968704376e-01 -2.1933428366647256e-02 2.6634801620106141e-01 4.6971717636664939e-01 -4.0570193839725766e-01 -6.0303282868301840e-02 1.1822300425661438e-01 -4.2096453434883697e-02 -1.0477912473556249e-01 -9.0000398543757826e-02 7.4280710701752697e-02
-1.3934279967005549e+00 1.1549475346463758e+00 9.0085890574977026e-02 1.3182654583676863e+00 4.4825030270768632e-02 2.2128739099083980e-01 2.9134648907488703e-01 -3.5463807764951977e-01 4.1443773347186130e-01 6.9011827015148797e-02 -2.0968115158765691e-01 1.9010244855744256e-02 4.8463862058069275e-02 -3.2887819282086846e-02 -9.3812709575801706e-02 -1.5784797039804850e-02
2.8269552456208363e-01 5.4658828494211320e-01 1.6143896689804413e-01 -8.5546761773233643e-02 1.4676240820471034e-01 -6.3493012611511634e-01 -3.5642039275727461e-01 7.3010415501009784e-01 -2.3321343517663351e-01 -2.7177012960398333e-01 -7.5347798474427019e-02 1.6014480980717333e-01 -9.0501616645816726e-02 9.0953514652461431e-02 -1.2979027414638675e-01 -2.7925769081596729e-02
1.1391647366610420e+00 -1.6759109242381637e-01 7.7552007534960152e-02 2.7325864691604945e-01 5.0735585472592104e-01 4.2620402484997982e-01 -4.6838634339696422e-01 5.6518873342226195e-01 -8.5137880070460159e-01 5.7234152474664346e-02 1.0039591908948914e-01 -3.7590553752995540e-02 1.1358286123868186e-01 9.1216736920331179e-02 3.1205451234186388e-02 -3.9076511171181307e-02
-2.6063904905115809e-01 2.5865833325817261e-01 -1.1114552021869413e-01 2.9457925210663516e-01 1.1063837935567615e-01 -1.6630863006025948e-01 2.8386542141547358e-02 3.0497429892644985e-02 -1.7100688173895037e-01 1.2426787989282556e-01 1.4257648600922851e-02 -4.1563533220676609e-02 -1.4653389274435713e-01 -8.1136454535039065e-02 2.0734237771908488e-02 3.8463027420388889e-03
-4.7576032331002854e-01 3.6231705387314739e-01 1.4723559880128048e-01 2.8348481724027030e-01 -8.1249022384105307e-02 5.9273135212078547e-02 1.7063219537029065e-01 5.6462753581900164e-02 7.0691914493201835e-02 -3.5099565219685291e-01 -1.0150626036907130e-01 8.0582953804976543e-03 2.7163829089829183e-01 1.4327531707011595e-01 -6.1811562596460218e-03 -3.8770664876395522e-02
3.0201889572536955e-01 -5.4721663596429181e-02 -1.3298250676002521e-01 8.5046561852579278e-02 -2.2699755815719000e-03 -1.1717010880527122e-02 1.1015336542169706e-01 -2.1089208553203453e-02 1.0329096435307389e-01 -2.1652180869373877e-01 3.8198852966607494e-02 2.3345580881549775e-02 8.3367387620519456e-02 1.1962026038048466e-01 -1.3493980470930905e-01 1.8352912411920518e-02
4.2730862464258912e-01 1.6974450358584258e-02 -1.8024416756194658e-01 2.3093185114086274e-02 1.2215462600559993e-01 -1.5046399003179892e-01 -1.5441316528850940e-01 1.8093537811438787e-01 -7.3790555225175206e-02 5.6505486038724351e-02 -1.8031249070819022e-01 5.5041271852230705e-02 1.0629622692136603e-01 1.5262352564415199e-01 -2.9663469038996070e-03 -1.3083886495278996e-01
-2.3057876864041130e-01 2.4129704751332162e-01 -1.6311363234857462e-02 2.8159938217384689e-02 1.9050033371139025e-01 1.4959178469126108e-01 2.2018447185406678e-01 2.2882521943190060e-02 1.3315195788538553e-01 -1.0423056638322950e-01 1.0056528006009317e-01 1.5142685144755846e-01 -1.8330308816191836e-02 -2.5386679191023807e-02 5.7435803924752643e-02 9.9915240193585830e-02
-3.9123201083638542e-01 1.0744076654666790e-02 1.6829946311318014e-01 2.1141137592383244e-02 -1.7365352009570481e-01 -6.2319759794580432e-03 1.0523030713086133e-01 -8.7749664463859955e-02 1.0456797601325969e-01 -2.3814707809635277e-01 -9.9049774147840497e-03 1.2736149168747938e-02 -3.7388712692948183e-02 1.6789232820458661e-02 -5.5707139116775273e-02 1.1955413531996090e-01
8.3674943497987653e-02 -6.9331797024691680e-02 -1.4509476083897557e-01 1.1426693108098304e-01 -1.1089704388978201e-02 -9.1274352604914774e-02 6.9992918824396427e-02 4.1595471406011539e-02 6.2949317721353856e-02 -8.5950955393013312e-02 -6.1889701195809006e-02 1.4811037969431148e-01 3.9702393725856815e-02 -2.8312398940905186e-02 -7.7738557099607294e-02 9.6341128392751510e-02
